0.000 36.96453 -122.01513 128 587671.72 4091391.30
48.541 36.96254 -122.02246 100 587021.90 4091163.04
106.819 36.96025 -122.01920 189 587314.18 4090912.74
140.847 36.96019 -122.01861 6 587366.71 4090905.74
169.846 36.96029 -122.01811 12 587411.28 4090917.40
228.319 36.95930 -122.01712 3 587500.92 4090809.27
290.319 36.95773 -122.01643 3 587564.32 4090634.82
350.319 36.95578 -122.01653 3 587557.55 4090418.65
412.319 36.95340 -122.01773 3 587452.84 4090153.91
472.319 36.95116 -122.01936 3 587310.36 4089903.19
534.319 36.94895 -122.02133 3 587137.51 4089656.39
596.319 36.94670 -122.02339 3 586956.40 4089404.89
630.319 36.94574 -122.02485 3 586828.15 4089297.57
690.319 36.94377 -122.02700 3 586639.08 4089076.50
752.319 36.94166 -122.02921 3 586443.84 4088840.77
812.319 36.94034 -122.03092 3 586293.54 4088692.27
833.319 36.94024 -122.03122 3 586267.24 4088681.22
864.319 36.94013 -122.03135 3 586255.53 4088668.94
879.319 36.94009 -122.03139 3 586251.99 4088664.50
895.319 36.94004 -122.03144 3 586247.88 4088659.52
911.319 36.94000 -122.03148 3 586244.30 4088654.13
926.319 36.93995 -122.03151 3 586241.81 4088648.68
942.319 36.93991 -122.03154 3 586238.86 4088644.63
958.336 36.93987 -122.03158 8 586235.14 4088639.63
1039.319 36.93967 -122.03172 3 586223.16 4088618.15
1041.319 36.93967 -122.03172 3 586223.23 4088617.39
1134.319 36.93945 -122.03186 3 586210.41 4088592.78
1211.319 36.93926 -122.03201 3 586197.63 4088572.00
1285.319 36.93909 -122.03207 3 586192.34 4088552.64
1357.319 36.93895 -122.03213 3 586187.37 4088537.19
1375.319 36.93892 -122.03214 3 586186.26 4088534.25
1444.319 36.93867 -122.03254 3 586151.09 4088506.05
1510.319 36.93823 -122.03458 3 585969.77 4088455.80
1559.319 36.93827 -122.03595 3 585848.10 4088458.66
1597.319 36.93815 -122.03605 3 585839.12 4088445.50
1633.319 36.93807 -122.03606 3 585838.20 4088435.85
1669.319 36.93799 -122.03608 3 585836.54 4088427.57
1684.319 36.93796 -122.03610 3 585834.44 4088424.18
1700.319 36.93793 -122.03609 3 585835.34 4088420.80
1715.319 36.93787 -122.03611 3 585833.73 4088414.44
1730.319 36.93784 -122.03612 3 585833.44 4088411.28
1768.319 36.93778 -122.03616 3 585830.05 4088404.11
1851.319 36.93761 -122.03622 3 585824.75 4088384.75
1887.319 36.93752 -122.03630 3 585817.69 4088374.94
1904.319 36.93748 -122.03631 3 585816.25 4088370.45
1931.319 36.93739 -122.03634 3 585814.09 4088361.09
1948.319 36.93735 -122.03636 3 585812.21 4088355.81
1964.319 36.93731 -122.03638 3 585810.81 4088351.62
1997.319 36.93722 -122.03643 3 585806.49 4088341.48
2057.319 36.93708 -122.03647 3 585802.63 4088326.44
2117.319 36.93690 -122.03649 3 585801.17 4088306.29
2177.319 36.93674 -122.03652 3 585799.14 4088288.23
2237.319 36.93658 -122.03656 3 585795.48 4088270.99
2285.319 36.93644 -122.03660 3 585792.15 4088255.20
2317.319 36.93638 -122.03662 3 585790.42 4088248.64
2353.319 36.93628 -122.03664 3 585788.73 4088237.13
2372.319 36.93623 -122.03666 3 585787.37 4088231.53
2432.319 36.93640 -122.03681 3 585773.08 4088250.21
2492.319 36.93758 -122.03645 3 585803.71 4088382.08
2552.319 36.93847 -122.03644 3 585804.30 4088480.10
2582.319 36.93838 -122.03649 3 585799.61 4088470.51
2598.319 36.93835 -122.03652 3 585797.20 4088466.58
2658.319 36.93824 -122.03660 3 585790.21 4088454.64
2691.319 36.93817 -122.03664 3 585786.61 4088447.15
2722.319 36.93812 -122.03670 3 585781.22 4088441.23
2753.319 36.93807 -122.03674 3 585777.73 4088436.03
2784.319 36.93802 -122.03677 3 585774.76 4088429.70
2815.319 36.93797 -122.03681 3 585771.83 4088424.24
2846.319 36.93792 -122.03684 3 585769.19 4088419.08
2915.319 36.93779 -122.03693 3 585761.34 4088404.52
2976.319 36.93768 -122.03697 3 585757.79 4088392.54
3025.319 36.93758 -122.03700 3 585754.71 4088380.82
3041.319 36.93755 -122.03703 3 585752.80 4088377.79
3101.319 36.93743 -122.03706 3 585749.83 4088364.71
3169.319 36.93734 -122.03714 3 585742.84 4088354.83
3227.319 36.93724 -122.03718 3 585739.43 4088343.53
3260.319 36.93720 -122.03723 3 585735.43 4088338.46
3320.319 36.93710 -122.03728 3 585730.61 4088327.95
3380.319 36.93703 -122.03734 3 585725.67 4088320.26
3440.319 36.93695 -122.03739 3 585721.01 4088310.61
3501.319 36.93686 -122.03747 3 585713.78 4088300.34
3526.319 36.93682 -122.03749 3 585712.70 4088295.86
3542.319 36.93679 -122.03752 3 585710.06 4088292.84
3591.319 36.93671 -122.03757 3 585705.58 4088284.00
3607.319 36.93669 -122.03760 3 585702.38 4088282.13
3624.319 36.93666 -122.03760 3 585703.12 4088278.18
3641.319 36.93663 -122.03761 3 585701.67 4088275.26
3701.319 36.93653 -122.03765 3 585698.08 4088264.04
3761.319 36.93645 -122.03772 3 585692.18 4088255.58
3782.319 36.93643 -122.03773 3 585691.50 4088252.58
3798.319 36.93640 -122.03776 3 585688.60 4088249.91
3813.319 36.93637 -122.03778 3 585687.27 4088246.19
3828.319 36.93634 -122.03779 3 585686.09 4088243.10
3844.319 36.93632 -122.03780 3 585685.47 4088241.08
3859.319 36.93631 -122.03776 3 585688.88 4088239.58
3875.319 36.93626 -122.03786 3 585680.46 4088234.16
3891.319 36.93624 -122.03788 3 585678.48 4088231.74
3951.319 36.93614 -122.03795 3 585672.12 4088220.97
4011.319 36.93603 -122.03802 3 585665.59 4088208.75
4071.319 36.93595 -122.03813 3 585655.91 4088199.74
4131.319 36.93586 -122.03818 3 585651.54 4088188.79
4191.319 36.93576 -122.03830 3 585641.12 4088178.57
4252.319 36.93567 -122.03838 3 585633.96 4088167.48
4312.319 36.93553 -122.03845 3 585628.36 4088152.40
4372.319 36.93546 -122.03854 3 585620.30 4088145.08
4503.319 36.93532 -122.03871 3 585605.50 4088128.38
4561.319 36.93524 -122.03882 3 585595.90 4088119.88
4713.319 36.93508 -122.03906 3 585574.83 4088101.41
4838.319 36.93490 -122.03925 3 585557.34 4088081.44
4857.319 36.93488 -122.03930 3 585552.97 4088079.47
4872.319 36.93487 -122.03932 3 585551.65 4088078.76
4888.319 36.93485 -122.03935 3 585549.35 4088076.23
4903.319 36.93484 -122.03933 3 585550.28 4088074.69
4919.319 36.93480 -122.03938 3 585545.95 4088070.34
5054.319 36.93467 -122.03960 3 585527.13 4088055.80
5174.319 36.93474 -122.03951 3 585535.01 4088064.30
5192.319 36.93476 -122.03958 3 585528.09 4088065.68
5224.319 36.93473 -122.03962 3 585525.13 4088062.94
5297.319 36.93463 -122.03969 3 585518.64 4088051.70
5312.319 36.93461 -122.03974 3 585514.15 4088049.39
5327.319 36.93459 -122.03979 3 585509.84 4088046.46
5343.319 36.93457 -122.03983 3 585506.70 4088045.03
5358.319 36.93455 -122.03986 3 585503.44 4088042.50
5373.319 36.93452 -122.03993 3 585497.35 4088038.68
5455.319 36.93333 -122.03794 3 585676.34 4087908.75
5471.319 36.93318 -122.03733 3 585731.02 4087892.51
5487.319 36.93304 -122.03664 3 585792.23 4087878.34
5488.319 36.93303 -122.03660 3 585795.52 4087876.60
5504.319 36.93287 -122.03593 3 585855.51 4087859.08
5520.319 36.93270 -122.03521 3 585920.27 4087841.21
5535.319 36.93251 -122.03448 3 585984.80 4087820.85
5551.319 36.93227 -122.03378 3 586047.76 4087795.02
5566.319 36.93212 -122.03308 3 586110.60 4087779.13
5582.319 36.93192 -122.03252 3 586160.18 4087757.03
5597.319 36.93175 -122.03217 3 586191.53 4087738.34
5613.319 36.93168 -122.03164 3 586238.67 4087731.58
5628.319 36.93156 -122.03109 3 586288.11 4087718.23
5643.319 36.93143 -122.03044 3 586346.54 4087705.16
5658.319 36.93125 -122.02979 3 586404.32 4087685.57
5674.319 36.93116 -122.02900 3 586474.82 4087676.42
5754.319 36.93006 -122.02522 3 586812.47 4087557.86
5793.319 36.92955 -122.02345 3 586971.24 4087502.05
5809.319 36.92923 -122.02275 3 587033.52 4087467.96
5840.319 36.92855 -122.02140 3 587154.63 4087394.02
5856.319 36.92827 -122.02089 3 587200.79 4087363.00
5871.319 36.92810 -122.02065 3 587222.27 4087344.38
5886.319 36.92805 -122.02060 3 587226.18 4087338.89
5902.319 36.92805 -122.02060 3 587226.81 4087338.90
5918.319 36.92803 -122.02063 3 587223.95 4087336.31
5934.319 36.92802 -122.02065 3 587222.21 4087335.44
5949.319 36.92800 -122.02068 4 587219.00 4087333.30
6077.319 36.92798 -122.02083 3 587205.65 4087330.95
6093.319 36.92798 -122.02081 9 587208.08 4087330.93
6108.319 36.92798 -122.02083 9 587205.98 4087331.13
6123.319 36.92798 -122.02087 4 587202.30 4087330.87
6139.319 36.92797 -122.02087 3 587202.85 4087329.95
6189.319 36.92795 -122.02096 3 587194.44 4087327.76
6224.319 36.92796 -122.02099 3 587192.22 4087328.09
6504.319 36.92778 -122.02114 3 587178.50 4087308.44
6596.319 36.92771 -122.02119 3 587174.08 4087300.61
6667.319 36.92765 -122.02123 3 587170.40 4087293.78
6869.319 36.92755 -122.02131 4 587163.95 4087282.26
6871.319 36.92755 -122.02131 4 587163.54 4087282.28
6991.319 36.92747 -122.02142 3 587154.06 4087273.69
7111.319 36.92741 -122.02152 3 587145.43 4087267.03
7231.319 36.92733 -122.02160 3 587138.51 4087257.61
7351.319 36.92726 -122.02172 9 587127.94 4087249.78
7471.319 36.92721 -122.02180 5 587120.64 4087244.14
7564.319 36.92713 -122.02192 3 587110.25 4087236.04
7669.319 36.92709 -122.02203 3 587099.91 4087230.47
7789.319 36.92703 -122.02219 3 587086.27 4087224.32
7909.319 36.92655 -122.02301 3 587013.76 4087170.36
8055.319 36.92683 -122.02927 3 586455.74 4087196.07
8177.319 36.92724 -122.03572 3 585880.54 4087235.17
8208.319 36.92740 -122.03741 3 585730.44 4087250.99
8263.319 36.92756 -122.04012 3 585488.44 4087266.86
8306.319 36.92760 -122.04250 3 585276.64 4087268.62
8428.319 36.92796 -122.04900 3 584697.23 4087303.72
8562.319 36.92819 -122.05411 3 584242.08 4087324.13
8634.319 36.92825 -122.05418 3 584235.41 4087330.81
8729.319 36.92835 -122.05432 3 584223.10 4087341.35
8762.319 36.92837 -122.05435 3 584220.37 4087344.38
8860.319 36.92847 -122.05448 3 584208.82 4087354.76
8892.319 36.92850 -122.05451 3 584205.62 4087358.68
8928.319 36.92853 -122.05457 3 584200.64 4087361.38
9049.319 36.92864 -122.05472 3 584186.87 4087374.03
9169.319 36.92880 -122.05490 3 584171.17 4087390.91
9267.319 36.92891 -122.05500 3 584161.52 4087403.05
9348.319 36.92899 -122.05511 3 584151.97 4087411.78
9408.319 36.92905 -122.05523 3 584141.46 4087418.95
9528.319 36.92917 -122.05538 3 584127.19 4087431.98
9648.319 36.92928 -122.05557 3 584110.79 4087444.30
9742.319 36.92937 -122.05570 3 584098.60 4087453.41
9774.319 36.92938 -122.05572 4 584097.38 4087454.53
9888.319 36.92950 -122.05582 3 584088.42 4087467.97
9970.319 36.92958 -122.05588 3 584082.22 4087477.11
10042.319 36.92965 -122.05595 3 584076.37 4087484.43
10162.319 36.92973 -122.05608 3 584064.86 4087492.79
10283.319 36.92987 -122.05613 3 584059.79 4087508.23
10403.319 36.92997 -122.05621 4 584052.79 4087519.26
10525.319 36.93007 -122.05624 3 584049.88 4087530.38
10550.315 36.93007 -122.05625 215 584049.45 4087531.22
10608.529 36.93010 -122.05624 713 584050.05 4087533.77
10732.319 36.93025 -122.05627 3 584047.00 4087551.35
10793.319 36.93032 -122.05631 3 584043.79 4087558.39
10913.319 36.93040 -122.05627 3 584046.73 4087566.93
11035.319 36.93052 -122.05628 3 584045.72 4087580.40
11037.319 36.93052 -122.05628 3 584045.85 4087580.38
11157.319 36.93000 -122.05736 3 583950.41 4087522.56
11277.319 36.92789 -122.06211 3 583529.87 4087283.55
11377.319 36.92647 -122.06634 3 583154.19 4087123.08
11434.319 36.92610 -122.06798 3 583008.58 4087080.38
11494.319 36.92624 -122.06800 8 583007.15 4087095.21
11554.319 36.92623 -122.06790 10 583015.97 4087094.47
11614.319 36.92631 -122.06785 10 583019.93 4087103.99
11665.319 36.92631 -122.06786 3 583019.35 4087103.51
11719.319 36.92639 -122.06788 3 583017.62 4087111.88
11779.319 36.92647 -122.06784 9 583021.06 4087120.93
11839.319 36.92652 -122.06779 9 583025.01 4087126.81
11901.319 36.92660 -122.06777 10 583027.22 4087136.36
11961.319 36.92665 -122.06771 10 583032.40 4087141.16
12021.319 36.92674 -122.06769 10 583033.83 4087151.42
12082.319 36.92680 -122.06763 9 583039.24 4087158.28
12142.319 36.92683 -122.06758 9 583043.21 4087161.22
12157.319 36.92684 -122.06757 9 583044.41 4087163.06
12261.319 36.92694 -122.06746 3 583053.74 4087174.16
12321.319 36.92701 -122.06742 3 583057.63 4087181.34
12381.319 36.92706 -122.06734 3 583064.91 4087187.24
12420.319 36.92711 -122.06733 3 583065.41 4087192.91
12443.319 36.92709 -122.06752 3 583048.41 4087190.29
12563.319 36.92425 -122.06825 3 582986.79 4086874.32
12685.319 36.92431 -122.06821 3 582989.81 4086881.60
12739.319 36.92437 -122.06815 3 582995.25 4086888.26
12859.319 36.92450 -122.06806 3 583003.54 4086902.91
13108.319 36.92472 -122.06785 3 583021.66 4086926.81
13385.319 36.92496 -122.06766 3 583038.52 4086954.06
13425.319 36.92499 -122.06762 3 583042.03 4086957.89
13490.319 36.92506 -122.06753 3 583049.53 4086965.53
13511.319 36.92507 -122.06755 3 583048.38 4086965.89
13543.319 36.92511 -122.06749 3 583053.10 4086970.93
13559.319 36.92515 -122.06748 3 583054.20 4086974.68
13617.809 36.92520 -122.06744 209 583057.78 4086980.42
13652.373 36.92520 -122.06743 378 583058.65 4086981.00
13694.005 36.92520 -122.06743 919 583058.65 4086981.00
13820.319 36.92547 -122.06725 3 583074.64 4087010.63
13851.319 36.92583 -122.06682 3 583112.33 4087051.11
13867.319 36.92598 -122.06611 3 583175.25 4087068.72
13882.319 36.92633 -122.06552 3 583227.77 4087107.87
13898.319 36.92664 -122.06481 3 583290.32 4087142.44
13913.319 36.92698 -122.06419 3 583345.43 4087180.69
13929.319 36.92728 -122.06346 3 583410.04 4087214.71
13945.319 36.92752 -122.06270 3 583477.50 4087242.07
13960.319 36.92776 -122.06201 3 583538.69 4087269.66
14093.319 36.92998 -122.05564 3 584103.99 4087521.32
14215.319 36.93149 -122.05108 3 584508.30 4087692.78
14303.319 36.93160 -122.05184 3 584440.52 4087704.52
14318.319 36.93163 -122.05181 3 584443.22 4087707.67
14334.319 36.93164 -122.05180 3 584443.74 4087709.06
14350.319 36.93166 -122.05177 3 584446.35 4087711.55
14365.319 36.93167 -122.05174 3 584448.90 4087712.58
14380.319 36.93168 -122.05170 3 584452.66 4087713.29
14442.319 36.93172 -122.05161 3 584460.75 4087718.06
14458.319 36.93176 -122.05159 3 584462.52 4087722.82
14473.319 36.93179 -122.05157 3 584464.29 4087726.22
14489.319 36.93181 -122.05155 3 584466.13 4087728.10
14504.319 36.93183 -122.05153 3 584467.13 4087730.58
14520.319 36.93187 -122.05152 3 584468.36 4087734.27
14535.319 36.93189 -122.05151 3 584469.59 4087737.02
14551.319 36.93192 -122.05149 3 584471.16 4087740.40
14567.319 36.93194 -122.05147 3 584472.91 4087742.60
14690.319 36.93208 -122.05133 8 584484.74 4087757.93
14777.319 36.93224 -122.05121 3 584495.38 4087776.51
14793.319 36.93226 -122.05118 3 584498.17 4087778.32
14808.319 36.93228 -122.05118 3 584498.43 4087780.24
14824.319 36.93230 -122.05117 3 584499.49 4087782.51
14854.319 36.93234 -122.05114 3 584501.85 4087787.67
14869.319 36.93237 -122.05113 3 584502.94 4087790.83
14885.319 36.93239 -122.05112 3 584503.23 4087793.16
14901.319 36.93242 -122.05111 3 584504.24 4087796.17
14980.319 36.93252 -122.05106 5 584508.86 4087807.70
15029.319 36.93262 -122.05098 3 584515.28 4087818.12
15110.319 36.93274 -122.05093 3 584520.30 4087831.88
15191.319 36.93281 -122.05090 9 584522.73 4087839.46
15272.319 36.93278 -122.05095 3 584518.01 4087836.21
15326.319 36.93288 -122.05091 3 584521.17 4087847.84
15341.319 36.93292 -122.05093 3 584519.74 4087851.62
15357.319 36.93295 -122.05092 3 584520.99 4087855.05
15372.319 36.93297 -122.05091 3 584521.78 4087856.92
15388.319 36.93297 -122.05091 3 584521.51 4087857.42
15403.319 36.93300 -122.05090 3 584522.65 4087860.33
15418.319 36.93302 -122.05089 3 584523.24 4087863.38
15434.319 36.93307 -122.05088 3 584524.41 4087867.93
15451.319 36.93309 -122.05086 3 584526.13 4087870.86
15510.319 36.93322 -122.05078 3 584532.80 4087885.41
15587.319 36.93470 -122.04878 3 584709.66 4088050.71
15641.319 36.93493 -122.04634 3 584926.53 4088078.52
15674.319 36.93526 -122.04479 3 585064.10 4088116.70
15698.319 36.93565 -122.04369 3 585161.52 4088160.71
15728.319 36.93604 -122.04224 3 585290.08 4088205.57
15850.319 36.93728 -122.03646 3 585803.42 4088348.43
15918.319 36.93904 -122.03367 3 586050.39 4088545.66
15980.319 36.94025 -122.03110 3 586277.81 4088682.57
16040.319 36.94046 -122.03012 3 586364.23 4088706.68
16125.319 36.94053 -122.03016 3 586360.81 4088714.47
16208.319 36.94056 -122.03022 3 586355.29 4088718.19
16278.319 36.94060 -122.03029 3 586349.00 4088722.19
16300.319 36.94061 -122.03031 3 586347.08 4088723.61
16381.319 36.94066 -122.03035 3 586343.90 4088728.51
16383.319 36.94066 -122.03035 3 586343.53 4088729.03
16503.319 36.94070 -122.03046 3 586333.74 4088733.13
16623.319 36.94080 -122.03054 3 586326.60 4088744.07
16692.319 36.94083 -122.03057 3 586324.15 4088747.43
16708.319 36.94084 -122.03057 3 586323.67 4088748.64
16724.319 36.94085 -122.03058 3 586323.35 4088749.64
16739.319 36.94087 -122.03061 3 586320.73 4088751.60
16818.319 36.94090 -122.03065 3 586316.86 4088754.73
16895.319 36.94092 -122.03068 3 586314.40 4088757.40
16897.319 36.94092 -122.03068 3 586314.18 4088757.81
17017.319 36.94068 -122.03051 3 586329.36 4088730.56
17137.319 36.93673 -122.03340 3 586076.56 4088290.29
17239.319 36.93618 -122.03276 3 586134.24 4088230.19
17262.319 36.93621 -122.03276 3 586133.96 4088233.50
17295.319 36.93623 -122.03276 3 586133.92 4088235.09
17355.319 36.93627 -122.03278 3 586132.78 4088239.27
17404.319 36.93629 -122.03278 3 586132.22 4088241.84
17436.319 36.93632 -122.03278 3 586132.49 4088245.00
17496.319 36.93635 -122.03283 3 586127.53 4088248.91
17556.319 36.93638 -122.03282 3 586128.74 4088251.98
17616.319 36.93640 -122.03280 3 586130.08 4088254.31
17738.319 36.93643 -122.03276 3 586134.15 4088257.71
17771.319 36.93644 -122.03278 3 586132.17 4088258.95
17838.319 36.93647 -122.03280 3 586130.28 4088261.47
17853.319 36.93647 -122.03281 3 586129.92 4088262.21
17868.319 36.93648 -122.03280 3 586130.23 4088262.85
17884.319 36.93648 -122.03280 3 586130.25 4088263.41
17899.319 36.93649 -122.03279 4 586131.64 4088263.93
18031.319 36.93654 -122.03277 4 586132.60 4088269.57
18153.319 36.93655 -122.03281 3 586129.82 4088270.62
18273.319 36.93658 -122.03279 3 586131.40 4088274.40
18368.319 36.93660 -122.03284 3 586126.90 4088276.40
18384.319 36.93661 -122.03281 3 586128.95 4088277.81
18399.319 36.93663 -122.03282 3 586128.59 4088279.77
18415.319 36.93665 -122.03283 3 586127.84 4088281.33
18430.319 36.93665 -122.03282 3 586128.33 4088281.44
18446.319 36.93665 -122.03283 3 586127.96 4088281.76
18479.319 36.93666 -122.03282 3 586128.25 4088282.77
18590.319 36.93670 -122.03283 3 586127.36 4088287.11
18725.319 36.93723 -122.03087 3 586301.29 4088348.11
18773.319 36.93765 -122.02860 3 586503.35 4088396.68
18819.319 36.93781 -122.02627 3 586710.13 4088416.74
18858.319 36.93814 -122.02435 3 586881.26 4088454.41
18890.319 36.93850 -122.02276 3 587021.97 4088495.91
18917.319 36.93873 -122.02141 3 587141.98 4088522.68
18977.319 36.93909 -122.01835 3 587414.37 4088565.85
19088.319 36.93985 -122.01275 3 587912.02 4088654.94
19150.319 36.94024 -122.00943 3 588206.83 4088701.07
19210.319 36.94028 -122.00647 3 588471.05 4088708.63
19270.319 36.94045 -122.00456 3 588640.51 4088729.09
19403.319 36.94130 -122.00468 3 588628.61 4088823.45
19510.319 36.94138 -122.00473 3 588624.26 4088832.15
19630.319 36.94151 -122.00472 3 588625.18 4088846.25
19750.319 36.94161 -122.00469 3 588627.47 4088857.56
19862.319 36.94173 -122.00467 3 588629.83 4088871.01
19894.306 36.94173 -122.00466 245 588630.25 4088871.52
19928.653 36.94173 -122.00467 435 588629.82 4088871.30
20026.319 36.94174 -122.00467 28 588629.64 4088871.68
20028.319 36.94174 -122.00467 24 588629.64 4088871.75
20148.319 36.94176 -122.00467 25 588629.72 4088874.05
20268.319 36.94209 -122.00458 129 588636.67 4088911.26
20388.319 36.94235 -122.00459 3 588635.50 4088940.30
20431.319 36.94239 -122.00459 3 588636.06 4088944.85
20447.319 36.94240 -122.00459 3 588635.68 4088945.73
20462.319 36.94242 -122.00460 3 588635.04 4088947.52
20478.319 36.94246 -122.00460 3 588635.03 4088951.68
20493.319 36.94248 -122.00460 3 588634.35 4088954.52
20508.319 36.94250 -122.00460 3 588634.78 4088956.81
20524.319 36.94253 -122.00460 3 588634.90 4088959.65
20659.319 36.94267 -122.00455 3 588638.69 4088975.08
20779.319 36.94220 -122.00477 3 588619.85 4088923.25
20899.319 36.94029 -122.00665 3 588454.58 4088709.95
21019.319 36.93969 -122.00655 3 588464.12 4088643.41
21139.319 36.93979 -122.00645 3 588473.54 4088653.81
21259.319 36.93991 -122.00635 3 588481.79 4088667.56
21261.319 36.93991 -122.00635 3 588481.70 4088667.50
21381.319 36.94005 -122.00624 3 588491.75 4088682.94
21501.319 36.94016 -122.00609 3 588504.48 4088695.14
21644.319 36.94031 -122.00590 3 588521.52 4088712.16
21725.319 36.94039 -122.00578 3 588532.36 4088721.49
21847.319 36.94050 -122.00552 3 588554.72 4088733.41
21904.319 36.94057 -122.00545 3 588561.65 4088741.51
22024.319 36.94069 -122.00517 3 588586.36 4088755.61
22144.319 36.93999 -122.00376 3 588712.02 4088678.43
22264.319 36.94015 -122.00348 3 588737.26 4088696.81
22384.319 36.94029 -122.00316 3 588765.76 4088712.85
22504.319 36.94042 -122.00282 3 588795.82 4088727.94
22626.319 36.94055 -122.00248 3 588825.81 4088741.87
22679.319 36.94057 -122.00235 3 588837.11 4088744.53
22713.319 36.94059 -122.00225 3 588845.79 4088746.71
22833.319 36.94068 -122.00185 3 588882.06 4088757.45
22953.319 36.94077 -122.00143 3 588919.45 4088767.94
23075.319 36.94082 -122.00099 3 588957.70 4088773.54
23195.319 36.94090 -122.00050 3 589001.82 4088782.82
23317.319 36.94094 -122.00007 3 589040.24 4088787.92
23437.319 36.94112 -121.99946 3 589094.01 4088808.28
23559.319 36.94265 -121.99997 3 589046.58 4088977.29
23647.319 36.94347 -121.99992 3 589050.39 4089068.73
23761.319 36.94438 -121.99976 3 589063.30 4089169.16
23776.319 36.94452 -121.99975 3 589064.25 4089184.76
23791.319 36.94466 -121.99978 3 589061.03 4089200.68
23807.319 36.94484 -121.99970 3 589068.01 4089220.39
23823.319 36.94500 -121.99964 3 589073.72 4089238.56
23916.319 36.94513 -122.00027 4 589017.16 4089251.98
23981.319 36.94530 -122.00079 3 588970.53 4089270.35
24102.319 36.94912 -122.00192 3 588866.08 4089693.39
24102.388 36.94916 -122.00192 3 588865.93 4089697.77
24117.319 36.94976 -122.00191 3 588866.21 4089764.68
24133.319 36.95009 -122.00209 3 588849.84 4089800.66
24148.319 36.94999 -122.00252 3 588810.87 4089789.19
24163.319 36.94989 -122.00315 3 588754.93 4089778.00
24248.319 36.94995 -122.00686 3 588424.94 4089781.24
24282.319 36.94994 -122.00835 3 588291.80 4089777.93
